Afghanistan	2012;13.2	2012;19.5	2003;6.2	2012;170.17	2011;5.3	2010;32.0	2009;0.0	2011;3.0	2010;1.0	2015;0.0	2015;0.0
Albania	1989;10.6	1989;15.6	1989;5.9	2015;60.97	1981;2.1	2015;13.0	2010;0.0	2015;0.0	2010;0.0	2009;0.0	2009;0.0
Algeria	2006;-11.5	2006;-8.3	2006;-15.5	2008;0.0	2014;0.0	2008;0.0	2008;0.0	2008;0.0	2008;0.0	2008;0.0	2008;0.0
Angola	1962;18.6	1958;23.3	1958;12.5	1958;139.22	1964;5.6	2015;11.0	1958;0.0	2015;0.0	1962;0.0	1958;0.0	1958;0.0
Antigua and Barbuda	1975;26.2	1943;28.3	1949;20.8	2015;448.06	1949;9.1	2015;78.0	2014;0.0	1952;0.0	2014;0.0	2014;0.0	2014;0.0
Argentina	1980;5.3	2009;8.8	2006;0.0	1998;0.0	1964;2.2	1964;0.0	2015;0.0	2010;0.0	2009;0.0	2015;0.0	2015;0.0
Armenia	1973;10.8	1969;17.0	1982;5.1	1997;8.13	1974;2.5	1970;49.0	1999;5.0	1970;16.0	1981;7.0	1986;0.0	1986;0.0
Aruba	1985;27.4	1976;30.3	1985;24.6	2015;133.07	2011;22.0	2001;40.0	1989;0.0	2001;4.0	1989;0.0	1985;0.0	1988;0.0
Australia	2007;1.6	2007;2.7	2006;-0.3	1988;0.0	2014;0.0	2010;0.0	2008;0.0	2008;0.0	2008;0.0	2008;0.0	2008;0.0
Austria	1980;-6.1	1984;-4.4	1976;-8.5	1993;85.62	2000;1.6	1993;0.0	2008;0.0	1994;0.0	2006;0.0	1994;0.0	1994;0.0
Azerbaijan	2003;14.4	2003;17.8	2008;10.5	2004;199.9	2007;17.9	2001;81.0	2009;3.0	2007;6.0	2014;24.0	2014;0.0	2014;0.0
Bahamas	1976;24.2	2006;27.8	1981;18.6	1981;435.91	2015;10.1	2011;50.0	1994;0.0	2011;33.0	1974;0.0	1999;0.0	1994;0.0
Bahrain	1992;25.2	1959;28.3	1992;22.1	1962;0.0	1968;14.4	1962;9.0	2006;0.0	2001;1.0	2004;0.0	2003;0.0	2006;0.0
Bangladesh	1945;24.0	1961;29.3	1944;19.4	1958;1241.58	1958;2.9	1958;85.0	2015;0.0	2009;29.0	1959;1.0	2014;0.0	2014;0.0
Barbados	1984;26.3	1976;29.0	1984;23.0	1982;878.85	1995;13.2	1945;169.0	1997;0.0	1984;6.0	1997;0.0	1997;0.0	1997;0.0
Belarus	1987;3.0	1987;6.7	1987;-1.5	2015;0.0	2001;5.8	1973;0.0	1974;0.0	1974;0.0	1974;0.0	2006;0.0	2006;0.0
Belgium	1987;5.9	1979;9.6	1987;1.6	1989;180.81	1997;4.6	2008;0.0	2014;0.0	2015;0.0	2008;0.0	1986;0.0	2009;0.0
Belize	1997;25.7	1997;27.6	1987;22.1	2004;0.0	1995;6.0	1995;0.0	1995;0.0	1995;0.0	1995;0.0	1995;0.0	1995;0.0
Benin	2012;6.9	2012;13.3	2008;0.4	2011;300.17	1997;3.3	1993;27.0	1993;0.0	2014;0.0	1993;0.0	2006;0.0	1997;0.0
Bermuda	1965;21.2	1965;22.9	2001;18.8	2011;983.72	1983;16.1	1968;154.0	1954;0.0	1943;10.0	1966;0.0	1954;0.0	1954;0.0
Bolivia	1986;6.6	1954;12.2	1961;-3.6	1998;162.83	1984;2.5	2008;26.0	2008;0.0	2010;3.0	1995;0.0	2008;0.0	2008;0.0
Bosnia and Herzegovina	1976;8.2	1976;14.1	1976;3.0	1998;0.0	1961;3.3	1997;71.0	2007;0.0	1961;12.0	1982;0.0	2014;0.0	2014;0.0
Botswana	2000;19.6	1981;26.5	2004;12.1	2003;96.26	2006;6.4	2003;21.0	2009;0.0	2008;25.0	2009;0.0	2009;0.0	2009;0.0
Brazil	1976;16.2	1976;22.0	2014;10.9	2003;0.0	1990;0.9	2013;16.0	1987;0.0	1993;0.0	1987;0.0	1987;0.0	1987;0.0
British Indian Ocean Territory	1975;26.2	1980;29.4	1977;23.6	1992;1845.28	1981;11.3	1974;152.0	1985;0.0	1973;0.0	1987;0.0	1985;0.0	1985;0.0
British Virgin Islands	2011;27.7	2013;29.2	2013;25.3	EMPTY;999999.0	2015;15.0	2015;52.0	2012;0.0	2012;2.0	2012;0.0	2012;0.0	2012;0.0
Brunei	1985;26.7	1984;31.1	1986;23.0	1998;2223.82	1986;5.4	1995;3.0	2009;0.0	1995;0.0	2009;0.0	2009;0.0	2009;0.0
Bulgaria	1976;-3.9	1976;-1.3	1976;-6.3	1999;162.8	2009;3.2	1958;14.0	2007;1.0	2015;0.0	1992;2.0	1997;0.0	1997;0.0
Burkina Faso	1982;26.6	1982;32.5	1986;21.4	1984;284.76	2013;3.4	1984;9.0	1984;0.0	2013;32.0	1984;0.0	1981;0.0	1984;0.0
Cambodia	2008;28.0	2008;31.4	2008;24.0	EMPTY;999999.0	2008;6.9	2004;56.0	2014;0.0	2004;23.0	2014;0.0	2014;0.0	2014;0.0
Cameroon	2014;23.0	2013;28.7	2014;15.6	2013;773.14	2003;3.5	2013;49.0	2014;0.0	2013;84.0	2014;0.0	2014;0.0	2014;0.0
Canada	2009;-25.7	2009;-22.1	2009;-27.9	1993;0.0	2001;1.3	1993;0.0	1993;0.0	1993;0.0	1993;0.0	1997;0.0	1997;0.0
Cape Verde	1974;21.9	1974;25.5	1974;19.6	1974;1.02	2008;19.6	1974;5.0	2012;0.0	2014;0.0	2012;0.0	2012;0.0	2011;0.0
Cayman Islands	1992;27.0	1992;27.7	1994;23.9	1997;0.0	1997;10.0	1997;0.0	2007;0.0	1997;0.0	2007;0.0	1997;0.0	2007;0.0
Central African Republic	2012;23.6	2012;30.8	2012;19.6	2012;1325.41	2012;3.6	2012;73.0	2012;0.0	2012;91.0	2012;21.0	2012;0.0	2012;0.0
Chad	2001;28.1	2004;35.1	2001;20.7	1993;437.12	2013;5.9	2015;27.0	2006;0.0	2015;49.0	2006;0.0	2006;0.0	2004;0.0
Chile	1980;-5.4	1980;-2.2	1980;-9.0	2013;0.0	2015;2.9	1998;0.0	2011;0.0	2011;0.0	2014;0.0	2011;0.0	2011;0.0
China	1985;-7.1	1976;-1.1	1985;-14.8	1998;0.0	2000;0.8	2015;0.0	1959;0.0	2014;0.0	2011;0.0	1994;0.0	1994;0.0
Christmas Island	2008;24.3	2008;26.7	2001;22.4	2006;620.53	2010;14.3	2011;0.0	2011;0.0	2008;0.0	2011;0.0	2011;0.0	2011;0.0
Colombia	2012;12.0	2012;15.2	1965;5.8	2015;98.02	1979;1.3	2015;12.0	2013;0.0	1976;6.0	1977;0.0	2013;0.0	2013;0.0
Comoros	2012;26.2	1978;28.9	1978;22.0	2007;653.56	1978;10.1	2000;58.0	1978;0.0	1997;7.0	1978;0.0	1978;0.0	1993;0.0
Congo	1977;25.2	1977;28.1	2015;20.1	2004;738.89	1977;3.9	2008;72.0	2015;0.0	2004;66.0	2015;0.0	2015;0.0	2015;0.0
Cook Islands	1987;23.3	2001;25.6	1987;20.5	2011;0.0	1995;6.9	2011;0.0	2011;0.0	2011;0.0	2011;0.0	2011;0.0	2011;0.0
Costa Rica	1950;19.4	1950;22.8	1950;16.8	1997;749.53	1950;8.1	2001;59.0	2012;0.0	1950;3.0	2003;0.0	2013;0.0	2001;0.0
Croatia	2010;3.7	2010;6.6	2010;0.9	1998;0.0	2007;1.8	2003;25.0	2003;0.0	2011;0.0	2007;0.0	2007;0.0	2004;0.0
Cuba	2010;23.4	2010;28.1	1950;18.2	1997;0.0	1993;3.4	2011;31.0	1954;0.0	1952;2.0	1982;0.0	1974;0.0	1991;0.0
Cyprus	1992;17.5	1992;22.5	1992;11.9	1973;103.88	2008;10.2	2008;26.0	2008;0.0	1990;7.0	2015;0.0	2008;0.0	2008;0.0
Czech Republic	1941;5.1	1941;8.3	1940;0.9	2003;304.77	2003;7.2	1942;100.0	1989;17.0	1943;5.0	1983;14.0	2006;0.0	1961;0.0
Côte d'Ivoire	1983;24.9	1982;28.5	1983;20.2	1983;585.22	2015;0.0	1983;38.0	1983;0.0	1983;38.0	1982;0.0	1983;0.0	2015;0.0
Democratic Republic of the Congo	2001;25.5	2012;30.4	2012;21.7	EMPTY;999999.0	2006;7.0	2001;107.0	2013;0.0	2001;81.0	2011;2.0	2013;0.0	2013;0.0
Denmark	1979;5.4	1979;6.9	1985;1.8	2009;0.0	2006;10.4	1991;0.0	1991;0.0	1991;0.0	1991;0.0	1990;0.0	1996;0.0
Djibouti	1958;29.9	1958;32.5	1958;27.3	1958;156.72	1958;18.6	1958;29.0	1958;0.0	1958;5.0	1958;0.0	1958;0.0	1958;0.0
Dominica	2011;26.8	2000;29.5	2008;22.2	2012;1465.33	2004;5.8	2000;150.0	1996;0.0	1994;7.0	1996;0.0	1996;0.0	1996;0.0
Dominican Republic	1945;24.5	1950;28.5	1984;17.8	1998;0.0	1950;4.2	1949;19.0	1975;0.0	1949;0.0	1984;0.0	1975;0.0	1975;0.0
East Timor	1958;26.2	1958;30.7	1958;21.0	EMPTY;999999.0	1958;4.3	1958;51.0	1958;0.0	1958;40.0	1958;0.0	1958;0.0	1958;0.0
Ecuador	1975;12.9	2000;18.2	2012;8.2	1980;59.44	1978;5.6	1980;17.0	1978;0.0	1945;0.0	1979;0.0	1980;0.0	1987;0.0
Egypt	2011;18.5	1997;23.4	2008;9.8	1962;0.0	2014;4.4	1962;0.0	2010;0.0	2010;0.0	2014;0.0	2010;0.0	2010;0.0
El Salvador	1962;23.3	1974;28.9	1962;17.7	1997;0.0	2003;6.0	1957;0.0	1974;0.0	1957;0.0	2003;0.0	1974;0.0	1997;0.0
Equatorial Guinea	2014;26.2	2008;29.7	2011;22.9	EMPTY;999999.0	2015;7.4	2015;114.0	2014;0.0	2015;123.0	2014;0.0	2014;0.0	2014;0.0
Estonia	1987;3.2	1987;7.3	1969;-1.7	1975;430.98	1997;11.9	1996;95.0	1989;43.0	1965;4.0	1993;11.0	2001;0.0	2006;0.0
Ethiopia	1944;16.5	2011;22.6	1995;9.7	1944;0.0	1944;10.8	1944;0.0	2013;0.0	1944;0.0	1944;0.0	2012;0.0	2012;0.0
Falkland Islands	1985;7.0	1985;9.6	1985;4.8	EMPTY;999999.0	1985;27.1	1985;257.0	1985;37.0	1985;0.0	1985;15.0	1985;0.0	1985;20.0
Fiji	2010;15.0	2010;16.8	2010;13.3	2001;0.0	2011;0.0	2001;0.0	1986;0.0	2001;0.0	1985;0.0	1986;0.0	1986;0.0
Finland	1981;-3.9	1981;-0.3	1985;-8.9	2006;0.0	2000;2.7	1995;0.0	2004;0.0	2003;0.0	2004;0.0	2001;0.0	2001;0.0
Former Yugoslav Republic of Macedonia	2006;10.2	1996;16.4	2011;4.8	1977;272.06	1992;4.5	1993;79.0	2014;7.0	1997;12.0	2009;0.0	1976;0.0	1976;0.0
France	1978;-2.1	1979;0.4	1978;-4.7	2003;0.0	1992;2.6	2015;0.0	2011;0.0	2015;0.0	2008;0.0	1980;0.0	2015;0.0
French Guiana	2014;23.7	1945;29.3	1978;22.5	1995;2195.51	2011;7.7	1995;197.0	2000;0.0	2015;2.0	1994;21.0	2000;0.0	2000;0.0
French Polynesia	1987;20.1	1978;22.2	1987;17.7	1981;70.63	1977;6.6	2013;0.0	1986;0.0	2013;0.0	1986;0.0	1986;0.0	1986;0.0
Gabon	2011;24.5	1983;28.4	2013;20.0	2003;2450.9	2013;4.0	2013;50.0	2013;0.0	1983;59.0	2014;0.0	2013;0.0	2013;0.0
Georgia	1976;11.3	1969;16.4	1969;6.7	2004;262.67	1996;15.8	1966;76.0	1966;0.0	1978;13.0	1991;6.0	1988;0.0	1988;0.0
Germany	1978;-5.9	1940;-3.7	1978;-9.3	2007;0.0	1992;2.7	2007;0.0	1989;0.0	1989;0.0	2007;0.0	1984;0.0	1991;0.0
Ghana	1943;25.9	1943;29.9	1943;23.0	EMPTY;999999.0	1944;14.1	2013;52.0	2013;0.0	1943;19.0	2013;0.0	2013;0.0	2013;0.0
Gibraltar	1973;17.4	1959;20.9	1974;14.3	1998;334.55	2012;15.8	1998;67.0	1998;0.0	2015;4.0	1997;14.0	1999;0.0	1998;0.0
Greece	1973;10.8	1973;16.8	1976;4.6	1997;0.0	2004;2.4	2015;16.0	2015;0.0	1994;0.0	2004;0.0	2001;0.0	2001;0.0
Greenland	2006;-29.0	2006;-24.0	2006;-34.1	1999;0.0	2015;0.1	1999;0.0	2000;0.0	2008;0.0	1999;0.0	2008;0.0	2008;0.0
Grenada	2000;26.9	1992;29.9	2011;23.8	2013;737.57	2006;15.2	1995;180.0	1994;0.0	1994;6.0	1995;0.0	1994;0.0	1994;0.0
Guadeloupe	2014;24.4	1958;30.0	1958;21.6	1983;131.47	1958;7.5	1958;124.0	1997;0.0	2015;0.0	1997;0.0	1997;0.0	1997;0.0
Guatemala	2011;16.0	2011;21.5	2012;7.5	1997;796.75	2010;3.7	2012;28.0	2006;0.0	1958;0.0	2011;0.0	2006;0.0	2006;0.0
Guinea	2014;27.1	2009;30.3	2014;23.8	2004;1496.85	2014;10.9	2009;101.0	2004;0.0	2009;95.0	2004;0.0	2004;0.0	2013;0.0
Guinea-Bissau	EMPTY;999999.0	EMPTY;999999.0	EMPTY;999999.0	EMPTY;999999.0	EMPTY;999999.0	2010;80.0	2010;0.0	2010;80.0	2012;3.0	2010;0.0	2010;0.0
Guyana	1942;25.4	1946;30.3	2014;21.4	2015;1916.23	1948;3.7	2001;192.0	1998;0.0	1946;19.0	1942;12.0	1998;0.0	1998;0.0
Haiti	1982;-7.6	1982;-1.7	1982;-15.4	1978;0.0	1983;4.4	1980;2.0	1975;0.0	1979;0.0	1975;0.0	1975;0.0	1975;0.0
Honduras	2007;17.4	2012;22.9	2007;12.0	2015;475.28	1958;1.0	2015;11.0	2015;0.0	2003;9.0	2015;0.0	2015;0.0	2015;0.0
Hong Kong	1984;22.8	1984;25.1	1984;20.7	1998;0.0	1984;12.7	2004;129.0	1985;0.0	1999;16.0	2004;0.0	1985;0.0	1984;0.0
Hungary	1980;4.3	1980;7.2	1980;1.6	1997;0.0	1987;3.0	2009;0.0	2009;0.0	1999;0.0	2009;0.0	2012;0.0	2012;0.0
Iceland	1967;-16.1	1967;-12.0	1967;-19.7	2014;0.0	2010;7.8	2014;0.0	2014;0.0	2014;0.0	2014;0.0	2014;0.0	2014;0.0
India	2014;12.8	2014;19.3	2009;7.4	1998;0.0	2001;0.2	2012;0.0	1958;0.0	1943;0.0	2013;0.0	2013;0.0	2014;0.0
Indonesia	2009;12.0	2014;24.1	2011;12.8	1994;0.0	2010;0.4	2015;36.0	2012;0.0	2009;4.0	2014;0.0	2012;0.0	2012;0.0
Iran	2011;8.0	2011;14.2	2014;0.6	1958;0.0	1996;0.9	1977;0.0	2013;0.0	1996;0.0	2013;0.0	2008;0.0	2008;0.0
Iraq	1949;17.3	1945;25.3	2015;9.6	1958;0.0	1950;3.0	1958;0.0	1958;0.0	1958;0.0	1958;0.0	1958;0.0	1958;0.0
Ireland	2010;7.7	1986;11.0	2010;4.1	2010;0.0	1997;5.9	2015;0.0	2015;0.0	2015;0.0	2015;0.0	2006;0.0	2007;0.0
Israel	1992;14.7	1992;19.4	1992;10.0	2007;0.0	1980;4.8	2009;5.0	1992;0.0	2003;0.0	2000;0.0	1992;0.0	1990;0.0
Italy	1980;-7.5	1974;-4.8	1974;-9.8	1998;0.0	2015;0.0	2006;0.0	1966;0.0	2006;0.0	1966;0.0	1995;0.0	1998;0.0
Jamaica	1979;24.8	1979;29.8	1944;20.7	2014;293.31	1948;9.1	1997;68.0	1998;0.0	1997;18.0	1998;0.0	1998;0.0	1998;0.0
Japan	1995;-7.1	1986;-4.6	1963;-10.5	2015;0.0	2015;0.0	2004;0.0	1998;0.0	2008;0.0	1953;0.0	2006;0.0	2008;0.0
Jordan	1992;15.4	1992;21.1	1992;7.5	1999;0.0	1999;0.8	1973;0.0	1981;0.0	2008;0.0	1999;0.0	1981;0.0	1995;0.0
Kazakhstan	1969;0.2	1969;5.7	1969;-5.5	1999;28.18	1980;3.2	1996;22.0	1996;2.0	1960;0.0	1995;3.0	1979;0.0	1986;0.0
Kenya	1996;16.9	1958;22.1	1984;9.2	1957;0.0	2013;3.7	1957;0.0	2009;0.0	1957;0.0	1957;0.0	2007;0.0	2010;0.0
Kiribati	2008;27.5	2008;28.3	1989;25.3	2009;0.0	1973;10.7	2009;0.0	2009;0.0	1984;0.0	2015;0.0	2015;0.0	2009;0.0
Kuwait	1982;17.9	1982;24.2	1981;12.0	1958;0.0	2010;6.5	2008;0.0	2009;0.0	2009;0.0	2008;0.0	2009;0.0	2009;0.0
Kyrgyzstan	2006;8.3	2015;12.9	2014;3.7	2006;319.44	2006;8.8	2013;0.0	2014;0.0	2015;0.0	2014;0.0	2015;0.0	2015;0.0
Laos	1952;19.4	1993;22.8	1955;14.5	1986;0.0	1966;1.0	1986;0.0	1966;0.0	1986;0.0	2008;0.0	1966;0.0	1966;0.0
Latvia	1969;4.8	1985;8.3	1969;0.5	1982;382.07	2010;10.8	1996;95.0	1974;12.0	2013;0.0	2011;7.0	1998;0.0	1996;0.0
Lebanon	1996;5.3	1996;10.0	1996;0.2	1958;0.0	2011;5.0	1975;0.0	2012;0.0	1975;0.0	2013;0.0	2010;0.0	2013;0.0
Liberia	1943;25.4	1943;30.0	1943;22.4	1989;1832.59	2013;6.2	1989;147.0	2010;0.0	1944;105.0	2010;20.0	2010;0.0	2010;0.0
Libya	1961;14.9	1961;19.8	1956;10.5	2010;0.0	2009;7.1	2010;0.0	2009;0.0	2009;0.0	2010;0.0	2009;0.0	2009;0.0
Lithuania	1987;4.5	1980;8.0	1987;0.3	1982;461.52	2013;10.6	1999;97.0	2008;10.0	1986;3.0	1986;14.0	2011;0.0	2007;0.0
Luxembourg	1985;7.5	1987;11.2	1985;3.8	2014;411.25	1997;6.0	1994;38.0	1994;4.0	1994;2.0	1994;11.0	1991;0.0	1953;0.0
Macau	1993;-7.5	1993;-1.4	2012;-15.0	1998;0.0	1991;2.1	2006;0.0	2015;0.0	1999;0.0	2010;0.0	2013;0.0	2013;0.0
Madagascar	2012;12.4	1989;24.9	2013;12.7	2012;444.0	2003;5.0	1987;25.0	2014;0.0	2011;8.0	2007;0.0	2014;0.0	2014;0.0
Malaysia	2010;-0.2	2006;2.9	2006;-4.7	1997;1236.79	1973;1.5	2006;70.0	2009;0.0	2010;0.0	1978;0.0	2009;0.0	2009;0.0
Maldives	1992;27.9	1993;30.4	1994;24.4	2014;157.69	2015;9.0	2014;122.0	2004;0.0	2001;10.0	2001;0.0	2001;0.0	2001;0.0
Mali	2014;1.1	2014;4.1	2014;-1.1	1994;0.0	1958;3.1	1994;0.0	1994;0.0	1994;0.0	1994;0.0	1994;0.0	1994;0.0
Malta	1976;17.5	1976;21.4	1980;14.0	1987;230.63	2003;13.1	1961;63.0	1966;0.0	1963;7.0	1962;0.0	1966;0.0	1957;0.0
Marshall Islands	1976;27.2	1976;28.7	1991;23.6	1984;1637.9	1982;14.9	2012;167.0	1982;0.0	1948;0.0	1982;0.0	1982;0.0	1979;0.0
Martinique	2014;24.4	2012;29.0	1984;22.4	2011;0.0	1993;9.7	2011;0.0	1998;0.0	2014;0.0	1998;0.0	1998;0.0	1998;0.0
Mauritania	1958;20.7	1967;26.7	1991;16.6	1966;0.0	1958;6.7	1966;4.0	1985;0.0	1985;0.0	1958;0.0	1985;0.0	1985;0.0
Mauritius	2004;9.6	2003;11.9	1989;7.7	2013;0.0	1997;9.5	2013;0.0	2010;0.0	2001;0.0	2010;0.0	2010;0.0	2010;0.0
Mexico	1990;-5.8	2013;18.9	1990;-11.1	1997;0.0	2007;1.3	1974;2.0	1992;0.0	2000;0.0	1999;0.0	1992;0.0	1992;0.0
Micronesia	1989;26.6	1993;28.5	2000;21.3	1993;0.0	1954;5.3	1993;0.0	2008;0.0	1993;0.0	2008;0.0	2008;0.0	2008;0.0
Moldova	1985;8.1	1987;12.1	1969;3.7	1986;275.39	2006;6.3	1963;87.0	1990;17.0	1961;12.0	1989;10.0	1984;0.0	1987;0.0
Mongolia	2012;-3.2	1969;4.0	2012;-11.2	1995;0.0	1999;7.3	1970;29.0	1997;27.0	1978;2.0	1986;0.0	1984;0.0	1984;0.0
Morocco	1967;12.6	1967;17.0	1967;5.9	2013;0.0	1994;2.8	2013;5.0	1983;0.0	1986;0.0	1983;0.0	1983;0.0	1983;0.0
Mozambique	2008;19.3	2008;24.3	2008;14.0	1995;1011.96	2009;12.2	2008;55.0	2002;0.0	2013;16.0	2002;7.0	2002;0.0	2006;0.0
Myanmar	2014;23.6	2014;29.8	2014;16.3	1982;1503.17	2014;0.5	2014;55.0	2014;0.0	2014;17.0	2014;2.0	2014;0.0	2014;0.0
Namibia	1982;14.7	1980;17.0	1980;10.0	1998;0.0	1991;4.1	1993;1.0	2008;0.0	1977;0.0	2008;0.0	2008;0.0	2010;0.0
Nauru	2011;6.4	2015;10.8	2011;2.6	2013;0.0	2012;9.3	2011;0.0	2011;0.0	2011;0.0	2011;0.0	2011;0.0	2011;0.0
Nepal	2015;18.1	2011;24.4	2001;12.3	2015;1494.78	2003;3.8	2012;108.0	2013;0.0	2012;32.0	2015;18.0	2013;0.0	2001;0.0
Netherlands	1956;7.5	1996;9.5	1996;3.3	1997;0.0	1997;6.4	2000;0.0	2000;0.0	2000;0.0	2000;0.0	2000;0.0	2000;0.0
Netherlands Antilles	2008;26.5	2009;29.1	2008;24.0	1983;278.61	1995;14.6	2014;15.0	2015;0.0	2014;1.0	2015;0.0	1980;0.0	2015;0.0
New Caledonia	2004;16.0	2000;17.8	2004;13.9	1992;0.0	2015;6.4	1992;0.0	1981;0.0	2015;0.0	1981;0.0	1981;0.0	1981;0.0
New Zealand	2007;6.6	2007;8.3	2009;2.4	1998;0.0	2010;6.9	2014;0.0	2014;0.0	2014;0.0	2014;0.0	2014;0.0	2014;0.0
Nicaragua	2001;22.2	1999;24.9	2001;18.2	1957;0.0	2013;2.4	1957;8.0	2012;0.0	1966;4.0	2011;0.0	2012;0.0	2012;0.0
Niger	1983;26.6	1961;32.9	2013;18.1	1984;2.53	2012;3.1	2012;2.0	1982;0.0	1979;3.0	1982;0.0	1982;0.0	1982;0.0
Nigeria	2011;26.7	2009;31.6	1944;19.8	EMPTY;999999.0	2011;8.1	1944;66.0	2010;0.0	1944;43.0	1944;1.0	2010;0.0	2010;0.0
North Korea	1980;-0.7	1980;5.2	1980;-7.6	1973;164.57	2009;0.6	2008;42.0	2011;5.0	2015;0.0	1978;0.0	1984;0.0	1984;0.0
Norway	1988;-8.9	1988;-6.5	1988;-12.1	2015;0.0	1974;1.2	2015;0.0	2015;0.0	2010;0.0	2015;0.0	2010;0.0	2015;0.0
Oman	2006;18.5	1992;22.3	1996;11.7	1960;0.0	2007;3.4	2015;0.0	2014;0.0	2014;0.0	2014;0.0	2014;0.0	2014;0.0
Pakistan	2012;13.1	2014;17.0	2012;5.0	1993;7.62	2013;0.0	1958;0.0	1958;0.0	1958;0.0	1958;0.0	1958;0.0	1958;0.0
Palau	1975;26.9	1950;29.2	2000;23.6	2015;2495.25	1950;6.3	1948;169.0	1986;0.0	2004;6.0	1987;0.0	1987;0.0	1987;0.0
Panama	1944;25.7	1944;29.1	1986;21.5	1946;1091.49	2013;3.3	1946;41.0	1966;0.0	1978;5.0	1946;0.0	1966;0.0	1966;0.0
Papua New Guinea	1943;25.9	2004;29.2	1953;22.0	2004;0.0	1943;4.0	2004;0.0	1956;0.0	2010;0.0	1956;0.0	1956;0.0	1956;0.0
Paraguay	2010;21.2	1975;27.0	1988;14.3	1998;0.0	2014;5.8	2012;33.0	2015;0.0	1988;6.0	2012;0.0	2015;0.0	2015;0.0
Peru	2008;8.2	2008;14.5	2014;-0.7	2013;0.0	1997;0.2	1996;0.0	2015;0.0	2013;0.0	1993;0.0	2015;0.0	2015;0.0
Philippines	1963;18.1	1963;22.1	2011;14.5	1994;1.02	2006;1.2	2003;12.0	2010;0.0	1957;0.0	1963;0.0	2010;0.0	2014;0.0
Poland	1987;-1.3	1987;1.0	1987;-3.8	1997;0.0	1986;3.3	2004;0.0	2004;0.0	2004;0.0	2004;0.0	2008;0.0	1991;0.0
Portugal	2008;8.7	2008;12.8	2008;5.3	1998;0.0	1998;3.5	2012;0.0	1945;0.0	2012;0.0	2012;0.0	1952;0.0	1951;0.0
Puerto Rico	1965;24.7	1945;27.5	1994;20.9	1984;0.0	2006;7.6	1984;16.0	1948;0.0	1984;0.0	1948;0.0	1948;0.0	1948;0.0
Qatar	1982;25.8	1988;30.3	1982;21.0	1986;0.0	2007;12.2	2001;9.0	1979;0.0	1978;0.0	2011;1.0	1979;0.0	1979;0.0
Romania	1987;-3.4	1987;-0.3	1976;-6.6	1997;0.0	1997;1.2	2015;0.0	2015;0.0	2015;0.0	2015;0.0	1999;0.0	1999;0.0
Russia	1979;-18.9	1979;-15.7	1964;-26.2	2011;0.0	2009;0.6	2011;0.0	2015;0.0	2009;0.0	2013;0.0	2013;0.0	2013;0.0
Rwanda	2014;21.5	2013;27.7	2013;16.4	EMPTY;999999.0	2015;5.7	2010;145.0	2015;0.0	2015;110.0	2014;43.0	2015;0.0	2015;0.0
Réunion	1984;23.4	1984;27.2	1984;19.9	2008;113.06	2013;8.3	2015;0.0	1997;0.0	2015;0.0	1997;0.0	1997;0.0	1997;0.0
Saint Helena	1944;16.3	1944;18.6	1944;15.1	1993;72.99	2009;21.4	1999;92.0	1960;0.0	1960;0.0	1962;0.0	1960;0.0	1960;0.0
Saint Kitts and Nevis	1996;26.6	1996;29.3	1978;23.4	2015;536.93	2010;15.4	1994;126.0	2015;0.0	1994;7.0	2015;0.0	1978;0.0	2014;0.0
Saint Lucia	1943;26.9	1943;29.5	2011;23.8	1991;1112.3	2010;13.6	1948;128.0	1998;0.0	1947;3.0	1998;0.0	1998;0.0	1998;0.0
Saint Pierre and Miquelon	1992;4.5	1985;7.2	1992;1.9	1998;346.3	2003;18.0	1987;93.0	1987;43.0	1995;0.0	1997;81.0	1982;0.0	1985;0.0
Saint Vincent and the Grenadines	1949;24.0	1949;28.1	1949;20.8	2014;1705.39	1995;15.4	1952;162.0	1993;0.0	1994;3.0	1993;0.0	1993;0.0	1993;0.0
Samoa	1997;23.2	1997;26.9	1996;19.3	1999;0.0	1997;3.0	1999;0.0	1999;0.0	1999;0.0	1999;0.0	1999;0.0	1999;0.0
Saudi Arabia	1984;16.9	1992;23.6	1978;9.9	1983;0.0	2014;2.0	1957;0.0	2002;0.0	1992;0.0	2007;0.0	2002;0.0	2004;0.0
Senegal	1986;23.3	1986;26.9	2012;18.3	1983;52.57	1996;3.4	1984;6.0	1979;0.0	1946;2.0	2012;0.0	1978;0.0	2012;0.0
Seychelles	1988;17.6	1988;20.3	1988;15.1	2008;0.0	2015;12.9	2008;0.0	2008;0.0	2008;0.0	2008;0.0	2008;0.0	2008;0.0
Singapore	1975;26.1	1974;29.7	1964;23.2	1997;1160.56	1960;4.4	1963;138.0	1985;0.0	1958;76.0	1983;0.0	1983;0.0	1983;0.0
Slovakia	1980;-5.0	1980;-2.3	1980;-7.5	2003;0.0	1974;4.1	2011;0.0	2011;0.0	2006;0.0	2011;0.0	1990;0.0	1992;0.0
Slovenia	2010;-1.7	2010;0.3	2010;-4.0	1997;0.0	1996;2.5	2014;29.0	1984;0.0	2014;1.0	2003;1.0	1997;0.0	1997;0.0
Solomon Islands	1994;26.0	1991;29.8	1994;22.2	1995;1228.42	1985;2.9	1997;120.0	2015;0.0	1994;33.0	2015;0.0	2015;0.0	2015;0.0
South Africa	2009;5.4	1980;7.7	2009;2.3	2000;0.0	2003;0.0	2014;0.0	1983;0.0	2014;0.0	1985;0.0	1983;0.0	1983;0.0
South Georgia and the South Sandwich Islands	2007;-5.5	2006;-1.9	2006;-6.3	2006;0.0	1955;14.2	1997;0.0	1997;0.0	2008;0.0	1997;0.0	2006;0.0	1997;0.0
South Korea	1993;5.7	1993;10.4	1993;0.6	1973;164.06	1974;2.5	2013;0.0	1978;0.0	2015;0.0	2015;0.0	2001;0.0	2001;0.0
Spain	2010;6.9	2010;10.3	2010;2.8	1959;0.0	2000;3.4	1959;0.0	2008;0.0	1959;0.0	1959;0.0	2006;0.0	2002;0.0
Sri Lanka	2013;15.7	2013;20.0	2012;11.7	1958;651.79	2012;2.0	2012;46.0	2011;0.0	1958;6.0	2011;0.0	2011;0.0	2015;0.0
Sudan	1961;24.7	1957;29.6	1961;16.0	1959;0.0	1960;2.3	1961;0.0	1944;0.0	1961;0.0	1944;0.0	1944;0.0	1944;0.0
Suriname	1943;25.6	2013;30.0	1985;21.7	1980;758.22	1988;5.1	2013;137.0	1985;0.0	2006;36.0	2013;0.0	1985;0.0	1985;0.0
Swaziland	2013;21.5	2008;26.1	2004;14.7	2003;363.82	2012;4.5	2015;49.0	2012;0.0	2011;34.0	2006;11.0	2012;0.0	2011;0.0
Sweden	1985;-4.3	2010;-0.3	2010;-9.6	2015;0.0	2000;2.5	2003;0.0	2003;0.0	2015;0.0	2003;0.0	1981;0.0	2004;0.0
Switzerland	1984;-8.5	1984;-6.4	1984;-11.0	2015;0.0	2015;0.0	2003;0.0	2003;0.0	2003;0.0	2003;0.0	2003;0.0	2003;0.0
Syria	1992;12.3	1992;18.4	1992;6.0	1999;6.85	1997;2.2	2009;10.0	1999;0.0	1999;0.0	1999;0.0	1999;0.0	1999;0.0
São Tomé and Príncipe	2012;26.1	2015;29.2	2012;22.8	EMPTY;999999.0	2012;11.1	2015;54.0	2015;0.0	2015;62.0	2015;0.0	2015;0.0	2015;0.0
Taiwan	1986;5.2	1986;8.9	1986;0.8	1996;176.79	1997;2.2	1987;41.0	1994;0.0	1993;0.0	1994;0.0	1994;0.0	1994;0.0
Tajikistan	1982;14.6	1993;21.3	2012;6.9	1983;378.23	1983;2.6	1966;64.0	1966;5.0	1966;10.0	1966;2.0	1982;0.0	1981;0.0
Tanzania	2009;18.0	1961;22.0	2009;11.4	1961;0.0	2014;2.5	1961;0.0	2013;0.0	1961;0.0	2014;0.0	2012;0.0	2014;0.0
Thailand	1973;19.7	1973;22.7	2014;17.3	1979;475.78	2015;0.0	1977;46.0	1974;0.0	1992;6.0	2014;0.0	1974;0.0	1974;0.0
The Gambia	2009;25.5	2009;32.2	2009;20.5	2011;796.52	2010;7.6	2011;51.0	2009;0.0	1994;43.0	2015;0.0	2009;0.0	1999;0.0
Togo	1986;25.8	1982;30.4	2012;21.0	1986;652.27	2014;2.9	2013;32.0	2013;0.0	2000;52.0	2014;0.0	2013;0.0	2013;0.0
Tonga	1986;23.0	2000;26.1	1986;18.9	2000;0.0	2015;8.7	2000;0.0	2013;0.0	1989;0.0	2014;0.0	2014;0.0	2014;0.0
Trinidad and Tobago	1943;25.4	1946;29.2	1976;21.4	2015;915.09	2010;7.3	1995;109.0	1992;0.0	1946;4.0	1947;0.0	1991;0.0	1992;0.0
Tunisia	1996;13.9	1996;19.3	1996;9.1	1998;0.0	2015;3.7	2011;6.0	1978;0.0	2012;0.0	2011;0.0	1978;0.0	1978;0.0
Turkey	1992;2.2	1953;9.4	1992;-5.5	1997;0.0	2012;1.3	1964;0.0	2014;0.0	1964;0.0	2006;0.0	2014;0.0	2008;0.0
Turkmenistan	1974;15.1	1974;21.4	1974;8.9	1985;90.72	2000;8.2	1996;48.0	1999;5.0	1968;2.0	1996;4.0	1996;0.0	1996;0.0
Tuvalu	1974;28.0	1999;29.1	1988;25.0	2010;0.0	1997;3.1	2010;0.0	2012;0.0	2010;0.0	2012;0.0	2012;0.0	2012;0.0
Uganda	1961;17.4	1961;22.1	1957;11.6	1958;0.0	1957;5.5	1958;0.0	1958;0.0	1958;0.0	1958;0.0	1958;0.0	1958;0.0
Ukraine	1987;4.2	1987;8.5	1987;-0.3	1997;124.24	2006;3.3	2014;40.0	1990;5.0	1998;1.0	1984;3.0	1987;0.0	1987;0.0
United Arab Emirates	1992;25.3	1959;31.2	1992;18.9	1996;0.0	2009;7.1	1978;0.0	1998;0.0	1984;0.0	2015;0.0	1998;0.0	1998;0.0
United Kingdom	1953;-7.4	1953;-4.4	1953;-11.2	2015;0.0	2015;0.0	2015;0.0	2015;0.0	2015;0.0	2015;0.0	2015;0.0	2015;0.0
United States	1956;-24.1	1956;-20.6	1956;-28.0	1996;0.0	2014;0.0	1996;0.0	1996;0.0	1996;0.0	1996;0.0	1953;0.0	1954;0.0
United States Minor Outlying Islands	1976;25.5	1973;27.2	1949;23.0	1953;332.26	1974;15.2	1977;0.0	2001;0.0	2000;0.0	1974;0.0	1975;0.0	1975;0.0
Uruguay	1995;15.3	1962;20.0	2003;9.1	1985;283.48	1990;6.5	2013;50.0	1987;0.0	1996;9.0	2009;5.0	1987;0.0	1995;0.0
Uzbekistan	2014;12.0	2014;18.1	2014;4.9	1988;5.08	1995;4.4	2010;15.0	2010;4.0	2015;0.0	2015;1.0	1981;0.0	1981;0.0
Vanuatu	1989;8.0	2003;11.3	1989;5.6	1986;0.0	2011;4.4	1986;0.0	1979;0.0	1986;0.0	1981;0.0	1979;0.0	1979;0.0
Venezuela	1996;20.5	1996;25.8	1996;15.7	1960;171.0	1996;1.7	1953;16.0	1991;0.0	1959;0.0	1991;0.0	1991;0.0	1991;0.0
Vietnam	1963;15.3	1963;18.8	2015;13.6	1997;61.72	1968;2.3	1957;47.0	1964;0.0	2015;1.0	1990;0.0	1965;0.0	1965;0.0
Western Sahara	2008;19.7	2008;23.3	1958;15.1	1958;0.0	2000;17.3	1966;1.0	1997;0.0	1958;0.0	1999;5.0	1997;0.0	1997;0.0
Yemen	2013;16.5	2013;24.0	2012;8.8	2011;0.0	2012;5.4	2012;5.0	1961;0.0	1944;0.0	1961;0.0	1961;0.0	1961;0.0
Yugoslavia	1995;-1.4	1995;1.2	1995;-3.7	1997;0.0	1986;1.1	2011;32.0	2008;0.0	2013;1.0	2014;0.0	1982;0.0	1982;0.0
Zambia	2010;19.0	2004;27.5	2010;10.9	EMPTY;999999.0	2008;6.1	2004;68.0	2008;0.0	2007;45.0	2006;12.0	2008;0.0	2008;0.0
Zimbabwe	1965;17.6	1967;22.8	1965;9.7	1983;159.48	1985;4.6	1986;24.0	1966;0.0	1963;7.0	1966;0.0	1966;0.0	1966;0.0
