Afghanistan	2010;21.4	2010;28.4	2011;14.3	2003;271.02	2013;13.2	2013;87.0	2012;30.0	2009;35.0	2011;39.0	2012;1.0	2008;5.0
Albania	2014;22.7	2014;27.2	2010;15.1	2015;1394.95	2010;24.4	2010;164.0	2015;20.0	2013;83.0	2015;55.0	1981;1.0	2012;7.0
Algeria	2013;28.9	2010;36.2	2013;20.6	2012;1373.41	2001;35.6	2015;179.0	2006;159.0	2011;76.0	2012;121.0	2001;3.0	2003;12.0
Angola	1963;25.8	1959;29.6	2011;23.1	1961;1837.14	1967;15.5	1961;138.0	1960;1.0	1959;103.0	1964;125.0	2015;1.0	1962;3.0
Antigua and Barbuda	2010;28.5	1952;30.8	2010;26.3	2010;4023.78	1993;26.3	1975;253.0	EMPTY;0.0	2011;45.0	1942;4.0	1994;3.0	1980;2.0
Argentina	2001;24.2	1963;31.4	2015;18.4	1995;3407.14	1975;38.0	2007;248.0	2012;85.0	1975;116.0	2010;95.0	1975;17.0	1976;16.0
Armenia	1966;14.3	1966;20.8	1966;8.6	1966;1244.4	1989;9.0	1988;92.0	1988;44.0	2002;79.0	1974;47.0	1987;1.0	1982;5.0
Aruba	1998;29.3	2009;32.5	1998;26.8	2004;1119.05	2015;30.8	1988;191.0	1976;3.0	2010;37.0	1984;2.0	1987;3.0	1989;4.0
Australia	1992;30.6	2013;36.8	2010;28.1	2010;4211.8	1996;42.7	2015;359.0	2015;106.0	1988;113.0	1992;223.0	2008;3.0	1993;49.0
Austria	2015;14.0	2015;17.5	2015;10.9	2000;2801.31	2001;37.6	1974;241.0	2014;211.0	1975;66.0	1996;229.0	1976;2.0	1978;7.0
Azerbaijan	2010;16.4	2010;20.3	2001;11.9	2004;199.9	2001;20.2	2011;133.0	2012;41.0	2002;23.0	2010;83.0	EMPTY;0.0	2004;1.0
Bahamas	2011;26.6	2011;30.7	2011;22.8	1991;2377.35	1996;19.7	1991;208.0	1975;2.0	2009;105.0	2011;16.0	2003;12.0	2003;3.0
Bahrain	2010;28.3	2010;32.1	2010;25.2	2008;373.89	1959;20.0	1975;65.0	1998;4.0	2003;15.0	1978;13.0	1983;1.0	1988;3.0
Bangladesh	2015;27.0	1958;31.9	2008;23.4	2015;3715.22	1961;11.9	1961;167.0	2014;2.0	1959;93.0	1944;157.0	1962;1.0	1961;4.0
Barbados	2010;27.8	2010;31.1	2010;24.8	2004;1996.69	2015;28.8	1984;265.0	2001;1.0	2011;36.0	2012;2.0	2006;3.0	1978;3.0
Belarus	2015;9.8	2015;14.6	2015;6.4	1962;4634.14	2011;22.7	2008;237.0	2010;128.0	2010;44.0	2009;174.0	1980;2.0	1988;12.0
Belgium	2014;12.6	2011;16.8	2014;9.6	1983;1929.41	1986;30.4	1974;265.0	2010;108.0	1999;47.0	1988;183.0	2014;9.0	1981;28.0
Belize	2004;31.1	2003;31.4	2003;26.5	2000;2887.7	2001;12.5	2013;191.0	2015;1.0	2013;95.0	2012;26.0	2014;1.0	2014;1.0
Benin	1996;28.3	1996;34.9	1987;25.5	2010;2017.79	1996;16.7	2012;182.0	2012;34.0	2010;147.0	2012;96.0	1988;3.0	1985;3.0
Bermuda	1989;23.6	1994;26.8	1975;20.9	1994;1806.81	2010;24.8	1986;249.0	2010;3.0	2014;60.0	1942;91.0	1968;7.0	1977;5.0
Bolivia	2015;28.3	2015;33.2	2015;22.5	2011;2786.62	2010;22.9	1992;161.0	1981;26.0	2007;158.0	2011;258.0	1987;3.0	2014;28.0
Bosnia and Herzegovina	2003;17.8	2003;22.3	1990;10.8	1978;1917.18	1988;12.1	2014;191.0	2009;67.0	2013;66.0	1974;98.0	1997;3.0	2013;3.0
Botswana	2003;25.5	2003;32.6	2015;17.2	1997;634.48	2006;16.0	2009;82.0	1990;1.0	2011;100.0	2000;17.0	1989;1.0	2014;3.0
Brazil	2013;31.8	2012;36.2	2010;28.0	1995;3127.03	2015;23.6	1990;291.0	1974;6.0	2006;238.0	2000;220.0	1995;3.0	1996;7.0
British Indian Ocean Territory	2015;28.3	1978;33.7	2015;25.7	1981;11413.51	1989;17.2	1983;302.0	1979;6.0	2006;60.0	1988;10.0	1986;3.0	1984;6.0
British Virgin Islands	2015;28.8	2015;30.7	2015;27.2	EMPTY;0.0	2015;23.0	2011;95.0	EMPTY;0.0	2011;24.0	EMPTY;0.0	2014;2.0	EMPTY;0.0
Brunei	1978;28.1	2009;32.6	1998;24.5	1984;3347.55	1978;10.0	1984;277.0	1979;1.0	2006;219.0	1983;38.0	1990;1.0	1979;5.0
Bulgaria	2004;15.4	2015;21.9	2007;11.0	2004;2103.13	1978;44.0	2014;173.0	1987;164.0	1995;54.0	1981;301.0	1994;2.0	1992;14.0
Burkina Faso	2010;30.2	1993;38.2	2010;24.1	2010;1428.03	2001;13.1	2013;90.0	1981;2.0	2012;131.0	1986;5.0	1982;6.0	1986;3.0
Cambodia	2011;29.7	2015;34.2	2012;25.3	EMPTY;0.0	1999;13.6	2008;156.0	2011;2.0	2010;89.0	1999;2.0	EMPTY;0.0	2008;1.0
Cameroon	2015;30.1	2013;36.1	2010;24.3	2003;2464.61	2015;10.3	2013;226.0	2015;1.0	2011;284.0	2015;31.0	2011;6.0	2015;3.0
Canada	2010;27.3	2008;34.4	2010;23.7	1982;5494.75	2010;38.1	2001;300.0	2009;294.0	2008;58.0	1984;302.0	1991;3.0	1995;37.0
Cape Verde	2011;24.9	2011;28.7	2010;22.5	2012;551.7	1974;26.4	2013;35.0	1991;2.0	1990;10.0	2009;2.0	1990;1.0	1987;3.0
Cayman Islands	2003;36.0	2003;37.4	2003;34.6	2014;3598.88	1953;28.7	2008;216.0	2003;1.0	2007;73.0	2015;1.0	2015;20.0	1981;2.0
Central African Republic	2012;26.2	2012;32.8	2012;21.4	2012;1382.54	2012;7.9	2013;137.0	2011;1.0	2013;217.0	2012;108.0	EMPTY;0.0	2011;1.0
Chad	2013;29.4	2013;37.5	2010;22.4	2012;1180.15	1996;13.8	2014;80.0	2003;2.0	2014;146.0	2001;4.0	2014;2.0	2013;2.0
Chile	1983;21.8	1983;25.2	1983;19.1	2003;3942.78	1980;44.5	1997;310.0	1979;187.0	1948;15.0	1999;158.0	1979;1.0	1976;14.0
China	2010;29.3	2010;32.6	2010;27.1	1992;4508.99	1979;40.7	1986;275.0	1983;182.0	1962;114.0	2015;307.0	1973;4.0	1977;23.0
Christmas Island	1999;27.4	1999;29.7	1996;25.7	2010;2064.47	1990;31.4	2014;265.0	EMPTY;0.0	2010;12.0	2001;8.0	2015;2.0	2015;1.0
Colombia	2015;31.1	2015;36.6	2009;26.4	2012;6423.13	1976;27.2	2011;278.0	1978;7.0	2012;186.0	2013;301.0	1980;4.0	1976;17.0
Comoros	2010;27.7	2010;31.5	1998;24.5	1978;3967.8	2007;15.1	2011;160.0	1978;2.0	2011;65.0	2015;2.0	1980;2.0	2012;5.0
Congo	2013;26.9	2015;32.0	2003;23.5	2013;1818.15	2013;10.7	2007;170.0	1977;4.0	2013;227.0	2008;78.0	1993;3.0	1977;4.0
Cook Islands	1945;29.2	1984;31.8	1945;27.0	1987;4385.57	1985;26.1	1995;272.0	1975;3.0	1991;32.0	2014;7.0	1974;2.0	1991;4.0
Costa Rica	2001;29.6	2015;34.1	2003;23.5	2006;3446.04	1958;24.8	2008;240.0	2007;2.0	2010;104.0	2011;175.0	2000;1.0	2009;8.0
Croatia	2003;19.0	2003;22.2	2015;16.2	2014;2630.94	2015;22.6	2014;204.0	2010;78.0	1976;89.0	2014;200.0	1990;2.0	2008;10.0
Cuba	2015;28.2	1990;33.1	2015;25.3	2007;1961.66	1984;24.5	1954;158.0	1978;4.0	2012;123.0	2014;297.0	1988;4.0	1950;4.0
Cyprus	2008;23.4	2001;26.8	2010;16.5	1994;704.33	2013;15.3	1988;109.0	1978;3.0	1988;50.0	1985;41.0	2009;4.0	1974;4.0
Czech Republic	2014;11.2	2014;15.6	2014;6.8	1980;955.35	1943;20.0	1974;228.0	2010;97.0	2014;44.0	2014;100.0	1978;1.0	2008;10.0
Côte d'Ivoire	2015;28.5	2015;34.6	1987;24.6	2013;2111.98	1945;13.8	2010;195.0	1979;5.0	2010;160.0	1945;76.0	1982;4.0	1985;4.0
Democratic Republic of the Congo	2006;26.0	2013;30.6	2015;22.3	EMPTY;0.0	2015;10.6	2013;139.0	2001;1.0	2006;127.0	2012;10.0	2011;1.0	2015;2.0
Denmark	2014;11.6	2014;14.1	2014;8.9	2011;2165.85	1989;38.7	2015;335.0	2010;94.0	1988;37.0	2014;189.0	1993;3.0	1993;44.0
Djibouti	1958;29.9	1958;32.5	1958;27.3	1958;156.72	1958;18.6	1958;29.0	EMPTY;0.0	1958;5.0	EMPTY;0.0	EMPTY;0.0	EMPTY;0.0
Dominica	2015;28.3	2015;32.0	2006;23.9	2011;3960.37	1996;19.6	2014;247.0	2007;2.0	2011;43.0	2015;2.0	2014;1.0	2013;2.0
Dominican Republic	2006;29.1	1997;32.9	1998;24.2	1950;2160.5	2015;21.9	2007;187.0	1996;4.0	2011;136.0	2007;38.0	1996;1.0	2003;11.0
East Timor	1958;26.2	1958;30.7	1958;21.0	EMPTY;0.0	1958;4.3	1958;51.0	EMPTY;0.0	1958;40.0	EMPTY;0.0	EMPTY;0.0	EMPTY;0.0
Ecuador	2015;26.9	2015;32.1	2015;24.0	1993;3385.35	2015;20.8	2008;233.0	1978;8.0	2006;79.0	2008;315.0	2001;2.0	1975;8.0
Egypt	2010;29.1	1958;36.6	2010;23.8	1994;401.85	1965;27.2	1991;71.0	1985;4.0	1991;15.0	2010;38.0	1996;2.0	1987;3.0
El Salvador	2003;29.7	2003;35.7	2003;24.8	2013;1770.09	1966;14.6	2008;135.0	2003;1.0	2013;113.0	2013;50.0	2014;1.0	2014;7.0
Equatorial Guinea	2009;27.0	2011;30.3	2009;24.3	EMPTY;0.0	2012;10.3	2014;166.0	2015;1.0	2014;262.0	EMPTY;0.0	EMPTY;0.0	EMPTY;0.0
Estonia	2000;7.7	2015;12.3	2000;3.3	1967;1392.09	1965;16.8	2008;226.0	2010;120.0	2010;26.0	2015;94.0	1978;2.0	1961;6.0
Ethiopia	2013;17.2	1958;24.1	2013;11.8	1958;20.07	1958;16.1	2012;115.0	2012;2.0	1995;55.0	2013;14.0	EMPTY;0.0	EMPTY;0.0
Falkland Islands	1985;7.0	1985;9.6	1985;4.8	EMPTY;0.0	1985;27.1	1985;257.0	1985;37.0	EMPTY;0.0	1985;15.0	EMPTY;0.0	1985;20.0
Fiji	1995;27.6	1980;32.0	1995;25.7	1982;4226.08	2003;23.8	2012;277.0	1978;2.0	2011;96.0	1981;20.0	1981;1.0	1976;4.0
Finland	2015;8.4	2015;11.1	2015;7.1	1995;1031.04	1995;32.3	2008;248.0	2008;211.0	1988;27.0	2008;166.0	1993;2.0	1976;9.0
Former Yugoslav Republic of Macedonia	1994;14.2	1994;21.3	1994;7.8	1998;741.97	2001;9.2	2010;150.0	1981;37.0	1975;54.0	2002;41.0	2011;2.0	1983;8.0
France	2007;27.6	2010;30.9	2006;26.0	1995;4024.12	2013;39.1	2007;278.0	1979;116.0	1976;65.0	1956;289.0	1988;2.0	1979;24.0
French Guiana	1983;27.0	2010;31.8	1998;23.5	2006;4172.9	1977;11.9	2000;257.0	1981;3.0	1999;62.0	2011;67.0	1977;1.0	1981;3.0
French Polynesia	1994;28.4	1987;31.5	2012;25.9	1983;4519.44	1988;25.2	1984;206.0	1973;2.0	2000;77.0	2014;5.0	1975;2.0	2009;2.0
Gabon	2007;27.4	2013;31.0	2007;24.6	2003;2450.9	2006;14.7	2007;236.0	2012;1.0	2008;220.0	2014;76.0	2003;1.0	2006;2.0
Georgia	1998;14.5	1998;20.5	1966;9.5	1965;2938.03	1973;30.0	1996;132.0	1984;50.0	1968;45.0	1977;37.0	1975;1.0	1975;2.0
Germany	2014;13.4	2003;17.2	2014;9.3	1970;2573.33	1974;47.1	2000;286.0	1966;226.0	1994;64.0	1975;355.0	1987;15.0	1981;37.0
Ghana	2010;28.1	2010;31.7	2010;25.1	EMPTY;0.0	2013;16.8	1943;134.0	EMPTY;0.0	2010;69.0	1943;65.0	EMPTY;0.0	EMPTY;0.0
Gibraltar	1997;19.3	1994;22.5	2011;16.2	2010;1885.9	1979;22.3	1989;136.0	1975;2.0	2010;33.0	1988;44.0	1998;1.0	1974;4.0
Greece	2010;21.0	2007;24.0	2010;18.5	2009;1636.31	2001;31.9	2015;350.0	1973;34.0	1980;85.0	1982;158.0	1980;2.0	1975;11.0
Greenland	2010;5.4	2010;10.1	2014;3.4	1976;2948.14	2011;37.5	2010;240.0	1996;222.0	1947;42.0	1967;179.0	1978;1.0	2004;12.0
Grenada	1998;27.9	1998;31.3	1998;24.6	1996;1297.4	2001;22.4	2000;254.0	1995;2.0	2010;33.0	1994;1.0	1992;1.0	2014;3.0
Guadeloupe	1998;27.0	1998;31.5	1998;23.2	2011;2248.44	2000;13.4	1982;266.0	2000;2.0	2004;64.0	2014;18.0	2008;1.0	1980;2.0
Guatemala	2015;29.6	2015;34.0	2015;23.2	2013;2080.76	2003;20.5	2014;212.0	2015;2.0	2013;199.0	1943;130.0	2014;2.0	2009;2.0
Guinea	2004;27.7	2004;31.4	2004;24.5	2004;1496.85	2009;12.7	2013;142.0	2013;3.0	2014;128.0	2014;2.0	2014;1.0	2004;2.0
Guinea-Bissau	EMPTY;-999999.0	EMPTY;-999999.0	EMPTY;-999999.0	EMPTY;0.0	EMPTY;0.0	2012;88.0	EMPTY;0.0	2012;92.0	2010;15.0	EMPTY;0.0	EMPTY;0.0
Guyana	2010;26.6	2015;31.8	1998;23.0	2008;3024.93	2014;10.7	2013;260.0	EMPTY;0.0	2010;138.0	2010;187.0	2012;1.0	EMPTY;0.0
Haiti	2010;29.5	2010;32.7	1980;25.6	1962;1340.1	1975;15.6	1944;140.0	1961;71.0	1943;106.0	2000;31.0	EMPTY;0.0	1946;7.0
Honduras	2015;31.5	2015;36.5	2015;26.0	2008;3084.6	2015;19.6	1988;200.0	1985;2.0	2010;144.0	1958;117.0	1993;3.0	1989;4.0
Hong Kong	2015;25.1	2003;27.8	2015;22.3	2008;2887.7	2012;17.7	1975;222.0	1983;1.0	2013;51.0	1978;21.0	2014;1.0	1975;2.0
Hungary	1994;13.5	2000;18.8	2014;9.4	1992;1487.69	1990;19.2	1974;193.0	1981;78.0	2014;52.0	2006;168.0	1980;2.0	2007;5.0
Iceland	2006;11.2	2010;15.0	2006;8.4	1953;2404.92	1978;44.7	1976;271.0	1992;215.0	1942;19.0	1998;193.0	1999;2.0	1992;47.0
India	1998;29.8	2015;36.1	2014;25.9	1994;5018.52	1978;19.0	1944;206.0	2015;28.0	1991;117.0	1944;196.0	2010;4.0	2013;18.0
Indonesia	2009;29.4	2015;34.3	1963;26.4	1963;3857.78	1978;18.4	2011;311.0	1978;4.0	2010;227.0	2015;246.0	1979;4.0	2009;12.0
Iran	2010;29.6	2010;35.5	2010;26.8	2011;2617.14	2007;23.7	2011;175.0	2011;48.0	2012;64.0	2011;244.0	2010;5.0	2012;7.0
Iraq	2015;27.0	2015;33.9	2013;21.0	2013;601.47	2004;19.9	1953;91.0	2015;7.0	2015;45.0	1954;32.0	1954;1.0	2015;6.0
Ireland	2007;11.8	2003;14.9	2007;9.4	2009;2182.57	1986;32.9	1979;329.0	1979;65.0	2008;16.0	2007;146.0	1990;3.0	1986;72.0
Israel	2010;28.0	2010;33.7	2010;21.1	2013;898.39	1956;27.4	1976;101.0	1992;13.0	1974;33.0	1954;63.0	1957;1.0	1982;9.0
Italy	2006;21.6	1994;25.4	2006;19.2	1991;12076.38	1992;37.7	2013;306.0	1968;196.0	1989;87.0	2010;279.0	1982;8.0	1977;19.0
Jamaica	2006;29.0	1988;32.8	2006;25.6	1980;3699.04	1983;20.9	1990;189.0	1976;4.0	2011;161.0	1980;3.0	1978;2.0	1976;7.0
Japan	1998;26.6	1999;28.8	2003;24.3	2010;5324.13	1956;66.1	2012;322.0	2013;155.0	2002;76.0	1948;301.0	2013;14.0	1974;68.0
Jordan	2010;27.3	2010;32.8	2010;20.5	1998;778.25	1995;21.0	1994;74.0	1992;11.0	2015;15.0	2001;33.0	1999;2.0	1990;4.0
Kazakhstan	2013;14.8	2010;21.5	1999;10.3	1967;2737.81	1959;24.3	2013;145.0	1975;133.0	2009;43.0	2012;99.0	2003;2.0	1974;7.0
Kenya	1987;30.4	1995;35.7	2015;25.1	1994;2554.72	1995;42.0	1996;222.0	2014;12.0	2006;229.0	1985;171.0	2003;3.0	1991;11.0
Kiribati	2015;28.7	2009;31.4	2001;27.0	1987;3157.43	1999;21.6	2015;234.0	1973;3.0	2015;8.0	2009;1.0	2009;1.0	1976;3.0
Kuwait	2010;29.0	2010;35.3	2010;25.2	2000;256.0	1958;25.9	1981;67.0	1998;3.0	1981;56.0	2010;35.0	1981;3.0	1980;5.0
Kyrgyzstan	2014;13.6	2014;18.7	2007;10.3	2013;2144.92	2009;26.1	2006;218.0	2011;59.0	2011;36.0	2015;94.0	EMPTY;0.0	EMPTY;0.0
Laos	2015;28.5	2010;33.3	2010;23.8	2004;1507.0	2001;42.1	1966;158.0	1955;11.0	2014;103.0	1966;261.0	2014;3.0	2014;12.0
Latvia	2000;8.9	2014;12.0	2000;5.9	1961;3796.27	1967;21.9	2008;247.0	2010;94.0	2010;27.0	2013;106.0	1983;1.0	1997;15.0
Lebanon	2010;22.6	2010;27.2	2010;18.9	2009;1111.83	1994;14.2	1998;127.0	1997;63.0	2012;67.0	1996;26.0	2012;2.0	2010;4.0
Liberia	1989;26.7	1989;31.6	2013;23.6	1989;1832.59	2012;7.8	1943;231.0	2012;1.0	2010;173.0	1944;230.0	EMPTY;0.0	1943;1.0
Libya	2010;26.4	2010;33.7	2010;19.2	1961;788.97	2013;24.1	1974;149.0	1976;5.0	1975;113.0	1963;105.0	1996;2.0	1975;107.0
Lithuania	2000;9.5	2015;12.6	2008;5.9	1964;3094.43	1965;19.0	2015;207.0	1997;112.0	2011;53.0	2009;121.0	2011;2.0	1990;6.0
Luxembourg	2014;10.9	2011;15.0	2014;7.3	1974;1139.44	1953;16.5	1988;248.0	2010;66.0	1989;38.0	1989;105.0	1982;3.0	1982;12.0
Macau	2009;28.1	2009;33.1	2009;23.5	2008;2414.2	2015;19.9	2012;213.0	2015;115.0	1998;66.0	2012;44.0	1970;2.0	1975;6.0
Madagascar	2011;28.1	2001;32.9	2011;22.7	2006;4496.92	2011;22.3	2014;235.0	2006;4.0	2012;132.0	2004;134.0	1988;4.0	2002;4.0
Malaysia	2010;28.6	2010;33.8	1990;25.8	2006;5653.04	2009;17.7	1984;311.0	2011;14.0	2003;254.0	1963;88.0	1988;15.0	1988;10.0
Maldives	2015;29.2	2015;31.7	2010;27.2	1994;2607.6	2001;17.9	2002;181.0	2001;1.0	2007;64.0	2014;1.0	2004;1.0	2007;1.0
Mali	2009;31.7	2009;38.9	2009;25.5	1994;2042.15	2007;33.7	1994;92.0	2004;2.0	1958;163.0	2014;6.0	1983;3.0	1988;3.0
Malta	2014;19.5	2001;23.8	2014;16.1	1976;1340.13	1965;18.3	1976;173.0	1976;4.0	1973;72.0	1981;17.0	1979;3.0	1973;51.0
Marshall Islands	2004;28.6	1951;31.2	2013;26.7	1991;4203.82	1987;24.9	2011;301.0	1973;10.0	1974;128.0	1975;6.0	2008;2.0	1981;4.0
Martinique	2012;27.3	2010;31.5	2012;25.8	2011;2792.42	2013;25.3	1993;282.0	1995;1.0	2011;48.0	2014;17.0	2004;1.0	1983;3.0
Mauritania	1958;29.7	1958;36.2	1958;23.5	1994;1118.38	1958;32.4	1944;36.0	2001;3.0	1958;42.0	1985;22.0	1992;1.0	1990;2.0
Mauritius	2015;27.8	2015;31.1	2015;25.0	2006;2780.83	2007;31.4	2004;252.0	1995;2.0	2011;31.0	1996;3.0	1987;4.0	1993;3.0
Mexico	2015;30.1	2011;36.1	2015;26.3	1976;7769.05	1991;30.5	1973;259.0	1974;46.0	2004;127.0	1987;272.0	1995;2.0	1973;212.0
Micronesia	2009;29.3	2014;32.0	1995;26.5	1980;6009.89	1995;17.9	2003;323.0	1975;8.0	1989;46.0	1977;8.0	1988;1.0	1979;8.0
Moldova	2007;12.2	2015;16.7	2007;8.1	1961;2715.97	1970;15.9	1970;144.0	1984;78.0	1970;34.0	1978;60.0	1980;1.0	1992;4.0
Mongolia	1997;0.7	2007;9.6	1998;-5.7	1988;474.46	1980;11.5	2013;89.0	2010;97.0	2014;31.0	2001;15.0	1985;2.0	1973;3.0
Morocco	2014;22.1	2012;29.1	2015;17.7	1996;1643.64	2014;31.3	1996;119.0	1967;26.0	1997;60.0	1960;119.0	2007;2.0	1989;7.0
Mozambique	2008;25.8	2008;31.4	2008;21.5	1995;1011.96	1995;24.4	2004;120.0	1995;1.0	2008;116.0	2008;58.0	EMPTY;0.0	2002;1.0
Myanmar	2010;28.5	2010;34.2	2014;23.9	1982;1503.17	1987;16.9	1975;184.0	2008;5.0	2014;86.0	2014;127.0	1983;2.0	2006;10.0
Namibia	2010;24.4	1998;32.6	2010;16.5	1977;1042.93	1982;32.7	2006;132.0	1997;1.0	1991;67.0	1998;182.0	1992;1.0	1999;4.0
Nauru	2010;27.7	2010;29.6	1999;26.3	2011;1400.73	2013;22.8	2006;127.0	2014;28.0	EMPTY;0.0	2015;53.0	EMPTY;0.0	EMPTY;0.0
Nepal	2004;19.7	2001;26.5	2004;13.1	2014;1540.75	2012;6.7	2015;160.0	2015;1.0	2015;106.0	2001;73.0	EMPTY;0.0	2015;3.0
Netherlands	2014;12.4	2014;16.5	2014;11.0	1978;2075.14	2015;37.2	2012;319.0	2010;77.0	2014;48.0	1965;282.0	1993;3.0	1981;60.0
Netherlands Antilles	2007;29.9	1999;32.4	2007;26.6	2010;1818.39	1977;31.1	2013;283.0	1975;3.0	2010;59.0	1979;3.0	2012;8.0	1989;5.0
New Caledonia	1998;26.5	2010;31.1	1998;24.2	2009;3150.48	1995;33.2	1988;177.0	1975;1.0	1975;21.0	2006;57.0	1978;2.0	1979;2.0
New Zealand	2015;27.9	2015;30.9	1947;25.2	1995;4602.99	1998;41.3	1988;340.0	1988;56.0	1986;19.0	1973;89.0	1973;2.0	1988;60.0
Nicaragua	2015;30.9	2015;34.2	2009;26.1	2003;1240.76	1961;22.4	2015;284.0	2003;1.0	1999;121.0	1958;29.0	EMPTY;0.0	1963;3.0
Niger	2010;32.4	2010;38.2	2010;24.5	2013;917.62	1983;19.9	2010;71.0	1979;3.0	2013;90.0	2011;3.0	1987;3.0	1984;3.0
Nigeria	2010;27.3	1944;34.9	2010;24.1	EMPTY;0.0	1944;12.6	2010;118.0	EMPTY;0.0	2010;147.0	2011;21.0	EMPTY;0.0	EMPTY;0.0
North Korea	1994;12.9	2015;18.4	1998;8.7	1964;5026.59	1973;19.1	1990;151.0	1980;147.0	1982;34.0	1977;91.0	1982;3.0	1990;6.0
Norway	2014;10.5	2014;13.5	2014;9.4	2011;3173.73	1986;44.6	2015;306.0	2007;225.0	2008;41.0	1977;263.0	2015;6.0	1992;82.0
Oman	2015;30.3	2015;37.1	2010;26.5	1994;820.15	1981;23.3	1990;100.0	1995;4.0	1994;23.0	1991;11.0	1995;2.0	1990;9.0
Pakistan	2014;28.2	2004;37.0	2010;22.7	2014;6138.74	2007;22.1	2006;112.0	2012;22.0	2008;132.0	2013;72.0	1996;8.0	2013;10.0
Palau	1998;27.9	1998;32.1	1948;25.7	2011;5320.47	2006;14.3	1989;292.0	1975;9.0	1974;49.0	1981;3.0	EMPTY;0.0	1977;6.0
Panama	1983;29.0	1998;33.3	1983;25.4	1994;2764.76	1945;17.0	1981;244.0	1993;6.0	1983;194.0	1941;135.0	1976;2.0	1958;5.0
Papua New Guinea	2010;28.4	1954;31.9	2010;25.8	1954;4422.64	1996;13.1	1943;253.0	1954;1.0	1952;104.0	1944;120.0	EMPTY;0.0	EMPTY;0.0
Paraguay	2014;25.8	2012;32.4	2014;20.8	2014;2852.42	2010;17.6	2015;143.0	1997;12.0	2015;148.0	2014;58.0	1985;1.0	1976;6.0
Peru	1983;28.4	1997;34.5	2015;23.7	1977;11089.89	1988;42.0	2015;243.0	1973;3.0	2003;94.0	2004;250.0	1993;5.0	1989;14.0
Philippines	1988;29.4	1987;34.2	1993;26.8	2011;7583.7	1963;22.9	1945;253.0	1955;7.0	2011;137.0	2011;353.0	1988;6.0	1986;13.0
Poland	2010;20.1	2010;28.8	1938;7.8	2010;2156.85	2008;55.0	1990;242.0	2001;161.0	1988;75.0	2004;328.0	1973;2.0	2002;22.0
Portugal	2012;20.0	2015;24.1	2012;17.7	1993;4170.97	1952;24.9	2010;270.0	1978;13.0	2002;31.0	1977;163.0	1976;3.0	1979;9.0
Puerto Rico	1997;29.0	1997;32.6	1983;26.4	2011;2416.66	1999;24.3	1975;238.0	1995;1.0	1968;118.0	1990;10.0	2012;3.0	1987;1.0
Qatar	2010;29.1	2010;34.6	2010;24.9	2006;111.26	1978;16.8	1992;48.0	2003;4.0	1997;21.0	1980;31.0	1987;1.0	1981;2.0
Romania	2015;13.7	2007;20.9	2014;10.6	2015;1561.59	1962;48.1	2012;216.0	1978;142.0	1975;71.0	2009;318.0	1996;8.0	1991;17.0
Russia	2001;19.8	2001;26.8	2010;14.5	1965;7662.88	1989;39.9	1984;319.0	1978;253.0	2012;95.0	2011;274.0	2012;6.0	1989;97.0
Rwanda	2015;21.8	2015;28.5	2015;16.8	EMPTY;0.0	2013;7.3	2015;159.0	EMPTY;0.0	2010;148.0	2013;72.0	2010;1.0	EMPTY;0.0
Réunion	1998;27.6	1998;31.0	2015;24.7	1981;3430.08	1992;27.5	2004;200.0	1998;1.0	2011;25.0	2007;26.0	1979;6.0	1980;2.0
Saint Helena	1968;25.7	2010;29.0	1968;23.8	2009;765.93	1945;34.7	1944;281.0	2001;1.0	1963;2.0	1944;265.0	EMPTY;0.0	1985;1.0
Saint Kitts and Nevis	2015;28.0	2015;30.8	2015;24.4	2010;1712.75	1996;22.6	2013;191.0	EMPTY;0.0	2011;50.0	EMPTY;0.0	2009;11.0	2015;2.0
Saint Lucia	2010;28.4	2010;31.5	2015;25.2	2011;2188.48	2015;28.3	2011;251.0	2001;1.0	2011;51.0	1942;2.0	2012;1.0	2006;1.0
Saint Pierre and Miquelon	1999;7.5	2012;10.4	2012;5.1	2011;1222.17	1982;29.0	1981;226.0	2014;116.0	1983;8.0	2011;139.0	EMPTY;0.0	1992;5.0
Saint Vincent and the Grenadines	2010;28.5	2010;31.2	2010;25.1	2011;2727.08	1949;21.7	2015;235.0	EMPTY;0.0	2014;17.0	EMPTY;0.0	2013;1.0	EMPTY;0.0
Samoa	1997;33.5	1997;35.9	1997;32.1	2013;3374.64	1997;17.4	2014;208.0	2013;2.0	2013;41.0	1984;2.0	2013;2.0	1974;7.0
Saudi Arabia	2010;31.8	2010;39.9	2015;27.5	1983;536.2	2001;29.9	1978;71.0	1992;7.0	2010;82.0	1978;34.0	1982;2.0	1982;8.0
Senegal	1996;31.4	2013;39.6	1983;24.7	2014;1795.72	1944;21.0	2012;102.0	2012;2.0	2015;112.0	1944;17.0	1992;5.0	1999;3.0
Seychelles	2015;27.9	2015;30.6	1958;25.9	2013;2619.74	2001;32.0	1988;273.0	EMPTY;0.0	2014;39.0	2013;2.0	1988;1.0	1985;3.0
Singapore	2015;29.2	1997;32.4	2015;26.4	1992;6642.91	2015;11.9	1975;261.0	1977;1.0	1974;199.0	1977;66.0	1974;3.0	1974;3.0
Slovakia	1994;12.7	2014;17.6	2014;7.7	2001;2125.21	1941;53.9	2014;264.0	1985;193.0	1963;52.0	1941;321.0	2011;2.0	2004;12.0
Slovenia	2014;15.2	2007;20.1	1989;11.0	2014;2470.11	2001;21.5	2014;207.0	2010;133.0	1975;74.0	2014;192.0	1994;1.0	2001;6.0
Solomon Islands	2015;27.5	2014;31.6	1944;24.6	1995;3692.0	1944;11.3	1944;286.0	EMPTY;0.0	1944;130.0	1945;4.0	1985;2.0	1997;1.0
South Africa	2014;24.2	2014;33.4	1993;18.6	1982;3242.1	1983;39.1	1982;320.0	2013;93.0	2001;95.0	1979;129.0	1990;3.0	1998;38.0
South Georgia and the South Sandwich Islands	2012;18.8	2012;19.9	2012;17.5	2003;831.89	1955;33.1	2000;302.0	1957;189.0	2012;9.0	1955;36.0	EMPTY;0.0	2013;56.0
South Korea	2004;17.8	2004;21.5	1998;14.6	1999;2669.07	2001;31.7	1983;197.0	1980;79.0	1997;39.0	1969;281.0	1975;2.0	1978;20.0
Spain	2008;22.6	1995;27.3	2003;19.9	1977;2520.65	1990;35.4	1974;228.0	2010;66.0	1976;59.0	1990;222.0	1992;5.0	2008;15.0
Sri Lanka	2015;29.2	2012;33.3	1958;25.8	2014;4739.44	1958;16.1	2013;227.0	2001;2.0	2008;144.0	2015;143.0	2015;1.0	2013;3.0
Sudan	2013;31.2	1960;38.9	2015;25.4	1996;3220.76	2012;17.4	1995;227.0	2013;3.0	1956;109.0	1944;4.0	2010;1.0	1959;1.0
Suriname	2012;28.3	1988;32.9	2013;24.6	2013;2899.12	2013;16.5	2013;294.0	1976;6.0	2013;173.0	1985;115.0	1980;2.0	1976;2.0
Swaziland	2015;22.8	2007;28.2	2015;15.9	2004;807.54	2007;9.4	2009;90.0	2001;1.0	2009;58.0	2013;90.0	EMPTY;0.0	2013;3.0
Sweden	2014;10.3	2014;13.8	2014;8.2	1999;1768.78	1975;35.3	2008;262.0	2012;211.0	1978;29.0	2008;177.0	1982;3.0	1978;16.0
Switzerland	2015;13.8	2015;19.2	2015;10.3	2001;3433.28	2000;37.0	2014;232.0	1993;228.0	1976;53.0	2010;234.0	2013;3.0	1982;12.0
Syria	2010;23.5	2010;29.7	2010;17.1	2003;1196.63	2010;18.7	2012;101.0	1992;16.0	2012;67.0	1997;59.0	2002;1.0	2015;11.0
São Tomé and Príncipe	2015;26.5	2012;29.4	2015;23.5	EMPTY;0.0	2015;13.1	2012;80.0	EMPTY;0.0	2012;119.0	EMPTY;0.0	EMPTY;0.0	EMPTY;0.0
Taiwan	1997;28.5	1997;32.5	1997;25.6	2003;3127.28	1977;36.7	1998;251.0	1990;26.0	1975;90.0	1978;354.0	1986;5.0	1985;9.0
Tajikistan	2006;16.3	2015;24.1	1980;10.1	1993;1052.61	1981;9.2	2009;129.0	1984;38.0	2012;57.0	2011;57.0	2009;1.0	2010;3.0
Tanzania	1958;27.2	2015;32.1	2013;23.7	2014;2104.68	1958;19.4	2012;177.0	2014;21.0	2012;169.0	2013;54.0	2013;2.0	2011;8.0
Thailand	2015;30.4	1997;35.8	2012;27.0	2006;6478.71	1963;18.5	2012;218.0	1976;4.0	1975;149.0	1956;345.0	1988;6.0	2014;5.0
The Gambia	2010;26.6	2010;33.4	2010;21.6	2014;828.78	1991;12.6	2012;90.0	1994;1.0	2010;93.0	1999;7.0	2015;2.0	2009;1.0
Togo	2010;29.7	2010;35.6	2015;24.8	2010;1521.23	2015;13.9	2010;120.0	2015;1.0	2010;134.0	2013;96.0	1990;1.0	2012;1.0
Tonga	2013;26.3	1981;32.0	1988;23.4	2001;3763.47	1983;20.3	1978;231.0	2014;2.0	2010;22.0	2010;20.0	2008;1.0	2013;3.0
Trinidad and Tobago	2010;27.6	2010;33.4	2010;25.4	1992;7045.93	2001;16.5	1984;266.0	1987;3.0	2010;78.0	1978;24.0	1985;6.0	1985;2.0
Tunisia	2010;26.1	2010;30.8	2014;17.6	2011;1322.58	1987;25.1	1976;153.0	1988;11.0	2009;56.0	1987;64.0	2002;2.0	2015;5.0
Turkey	2010;22.9	2010;26.5	2010;18.5	1992;2743.73	1953;22.8	2011;217.0	1987;89.0	2006;89.0	1954;196.0	1995;3.0	2014;14.0
Turkmenistan	2010;18.5	2010;25.2	2015;12.3	1968;711.15	1995;12.8	2009;112.0	2012;35.0	2009;33.0	2012;38.0	2002;2.0	1997;2.0
Tuvalu	2008;29.3	1995;33.5	2008;27.7	1990;4342.39	1987;23.1	1987;249.0	2010;1.0	1992;28.0	1989;2.0	1981;2.0	1973;4.0
Uganda	1959;24.3	1959;28.6	1957;20.1	EMPTY;0.0	1961;16.2	2006;189.0	2001;2.0	2001;236.0	2007;15.0	2015;2.0	2015;16.0
Ukraine	1962;14.3	2010;18.3	1962;11.4	1962;4747.89	1984;24.0	2015;186.0	1987;95.0	2007;51.0	2009;109.0	1981;3.0	1979;13.0
United Arab Emirates	2015;29.8	1999;37.1	1998;26.0	1981;824.48	1957;17.5	1992;50.0	1997;3.0	1997;19.0	2001;59.0	1997;1.0	1989;5.0
United Kingdom	1991;21.1	1991;22.6	1991;19.8	2008;3496.04	1992;55.8	2015;343.0	1955;214.0	1983;37.0	1994;230.0	1998;5.0	1995;97.0
United States	2014;30.7	2014;34.9	2011;27.2	1987;6048.31	1997;62.6	1975;325.0	1974;261.0	1949;163.0	1979;333.0	1999;39.0	1973;122.0
United States Minor Outlying Islands	2007;28.5	2000;31.3	2007;25.7	1993;9259.09	1955;33.3	1988;288.0	1974;6.0	2000;43.0	1973;2.0	1973;1.0	1973;3.0
Uruguay	2012;21.1	2012;27.3	1986;15.1	1998;2140.46	1958;24.4	2000;158.0	1992;8.0	2001;79.0	2003;94.0	1990;2.0	2000;7.0
Uzbekistan	2001;18.8	1995;26.8	2004;11.0	1994;878.85	1979;16.8	2015;119.0	2011;41.0	2012;40.0	2011;50.0	2000;2.0	1980;4.0
Vanuatu	2013;27.3	1980;31.9	2012;24.7	1988;5407.23	2006;30.0	2012;279.0	1974;3.0	2011;68.0	1986;54.0	1980;2.0	1974;3.0
Venezuela	2015;31.4	2015;36.4	1953;27.5	1991;2525.57	1961;27.8	1983;234.0	2004;3.0	2011;160.0	2013;169.0	1993;2.0	1978;30.0
Vietnam	1968;29.9	1969;34.9	1998;26.9	2011;4325.87	1979;24.8	2012;233.0	1978;3.0	2000;199.0	1965;345.0	1968;5.0	1986;7.0
Western Sahara	1997;21.5	1997;25.2	1997;17.9	1996;42.69	1966;31.6	1973;16.0	1974;1.0	2001;4.0	1975;62.0	EMPTY;0.0	EMPTY;0.0
Yemen	2012;29.8	2012;36.3	2011;27.3	2013;314.22	2013;32.7	2012;98.0	1980;2.0	2013;128.0	2012;65.0	2008;1.0	2012;3.0
Yugoslavia	2014;18.2	2015;22.8	2014;13.7	2010;2499.52	2010;43.9	2004;187.0	1995;138.0	1979;86.0	2010;275.0	1984;2.0	2013;14.0
Zambia	2012;21.0	2012;28.8	2012;14.5	EMPTY;0.0	2006;11.5	2007;92.0	2012;1.0	2012;60.0	2012;32.0	2010;1.0	2007;2.0
Zimbabwe	1993;26.0	1983;31.8	1967;19.2	1966;1193.54	1991;18.8	1981;137.0	1981;2.0	1986;98.0	1982;147.0	1982;2.0	1989;4.0
